#
# Environment-specific amino acid substitution matrices
# generated by subst
#
# Structural classes defined in classdef.dat
# List of .tem files read in from tttlist
#
# total number of environments: 6
# weighting scheme: clustering at PID 60 level
#
# Smoothing:
# none
#
# Each column (j) represents the probablility distribution for the 
# likelihood of acceptance of a mutational event by a residue type j in 
# a particular structural environment (specified aftre >) leading to 
# any other residue type (i).
#
# The probablilites were then divided by the background probabilities
# which were derived from the environment-dependent amino acid frequencies.
#                             ^^^^^^^^^^^^^^^^^^^^^
#
# Shown here are logarithms of these values multiplied by 3/log(2) 
# rounded to the nearest integer (log-odds scores in 1/3 bit units).
#
# There are 21 amino acids considered.
# ACDEFGHIKLMNPQRSTVWYJ
#
# For total matrix, Entropy = 0.7579 bits, Expected score = -0.6892
#
>A 0
#      A    C    D    E    F    G    H    I    K    L    M    N    P    Q    R    S    T    V    W    Y    J 
A      4   -6   -2   -1   -3    2   -3   -2   -1   -2   -1   -2   -1   -1   -2    1    0    0   -4   -3    1 
C     -6   21   -9   -8  -10   -8   -9   -8  -10   -6  -10   -4  -11   -6   -9   -5   -7   -9  -48   -5    0 
D     -2   -9    7    2   -7   -1   -2   -7    0   -7   -7    1   -1    1   -1    0   -1   -6   -6   -4   -6 
E     -1   -8    2    6   -5   -2   -1   -5    1   -5   -5    0   -1    2    0   -1   -1   -4   -5   -3   -6 
F     -3  -10   -7   -5    9   -5   -2    0   -5    2    1   -5   -7   -4   -5   -4   -3    0    3    4   -2 
G      2   -8   -1   -2   -5    9   -3   -5   -2   -5   -4   -1   -2   -1   -2    1   -1   -3   -4   -4    0 
H     -3   -9   -2   -1   -2   -3   11   -4   -1   -4   -3    1   -3    1    0   -2   -2   -3   -2    2   -4 
I     -2   -8   -7   -5    0   -5   -4    7   -4    3    3   -5   -4   -4   -4   -4   -1    4   -2   -1    0 
K     -1  -10    0    1   -5   -2   -1   -4    5   -4   -3    0   -1    2    3    0   -1   -3   -6   -3   -6 
L     -2   -6   -7   -5    2   -5   -4    3   -4    6    3   -4   -5   -3   -3   -4   -3    1   -1   -1    0 
M     -1  -10   -7   -5    1   -4   -3    3   -3    3    8   -4   -5   -1   -3   -3   -1    1   -1    0   -1 
N     -2   -4    1    0   -5   -1    1   -5    0   -4   -4    7   -2    1    0    1    0   -3   -5   -2   -4 
P     -1  -11   -1   -1   -7   -2   -3   -4   -1   -5   -5   -2   11   -1   -2    0   -2   -3   -6   -4   -5 
Q     -1   -6    1    2   -4   -1    1   -4    2   -3   -1    1   -1    6    1    0   -1   -3   -4   -2   -5 
R     -2   -9   -1    0   -5   -2    0   -4    3   -3   -3    0   -2    1    7   -1   -1   -4   -3   -2   -4 
S      1   -5    0   -1   -4    1   -2   -4    0   -4   -3    1    0    0   -1    5    2   -2   -5   -3   -1 
T      0   -7   -1   -1   -3   -1   -2   -1   -1   -3   -1    0   -2   -1   -1    2    6    0   -5   -3    0 
V      0   -9   -6   -4    0   -3   -3    4   -3    1    1   -3   -3   -3   -4   -2    0    6   -3   -2    2 
W     -4  -48   -6   -5    3   -4   -2   -2   -6   -1   -1   -5   -6   -4   -3   -5   -5   -3   15    3   -6 
Y     -3   -5   -4   -3    4   -4    2   -1   -3   -1    0   -2   -4   -2   -2   -3   -3   -2    3   10   -2 
J      1    0   -6   -6   -2    0   -4    0   -6    0   -1   -4   -5   -5   -4   -1    0    2   -6   -2   15 
U     -1   18   -7   -7   -4   -2   -6   -2   -7   -1   -3   -4   -6   -5   -6   -2   -2    0   -8   -3   13 
>B 1
#      A    C    D    E    F    G    H    I    K    L    M    N    P    Q    R    S    T    V    W    Y    J 
A      7    0   -3   -1   -4    0   -2   -2   -1   -3   -3   -3   -1   -1   -2    0   -1    0   -3   -4    2 
C      0   19   -6   -4   -8  -16  -45  -10  -10  -10  -18  -10   -8  -11  -12   -8   -6  -15   -2   -9   -3 
D     -3   -6    8    2   -7   -3   -1   -7   -1   -7   -5    3   -3   -1   -2    1   -2   -6   -5   -4   -3 
E     -1   -4    2    8   -5   -4   -1   -4    2   -5   -2    0   -2    3    0   -1   -1   -4   -5   -5   -5 
F     -4   -8   -7   -5   10   -6    0    1   -5    1    1   -4   -5   -3   -6   -5   -4   -1    4    6   -3 
G      0  -16   -3   -4   -6   11   -3   -8   -4   -7   -6   -4   -4   -3   -6    0   -3   -7   -5   -4   -2 
H     -2  -45   -1   -1    0   -3   13   -6   -1   -4   -1    1   -5    1    1   -2   -2   -5   -3    1    1 
I     -2  -10   -7   -4    1   -8   -6    7   -3    3    1   -5   -4   -5   -4   -6   -2    4   -4   -2   -1 
K     -1  -10   -1    2   -5   -4   -1   -3    7   -4   -1    0   -1    2    4   -2    0   -4   -5   -3   -3 
L     -3  -10   -7   -5    1   -7   -4    3   -4    7    3   -5   -5   -3   -4   -5   -4    1   -2   -2   -3 
M     -3  -18   -5   -2    1   -6   -1    1   -1    3   10   -3   -5    3   -2   -4   -2    1   -1   -1   -3 
N     -3  -10    3    0   -4   -4    1   -5    0   -5   -3    9   -4    0   -1    2    1   -4   -6   -3   -4 
P     -1   -8   -3   -2   -5   -4   -5   -4   -1   -5   -5   -4    7   -2   -3   -2   -3   -4   -9   -5   -4 
Q     -1  -11   -1    3   -3   -3    1   -5    2   -3    3    0   -2    9    2   -1   -1   -4   -3   -4   -1 
R     -2  -12   -2    0   -6   -6    1   -4    4   -4   -2   -1   -3    2   10   -2   -2   -4   -4   -3   -6 
S      0   -8    1   -1   -5    0   -2   -6   -2   -5   -4    2   -2   -1   -2    7    3   -4   -5   -4    0 
T     -1   -6   -2   -1   -4   -3   -2   -2    0   -4   -2    1   -3   -1   -2    3    7   -1   -7   -3   -1 
V      0  -15   -6   -4   -1   -7   -5    4   -4    1    1   -4   -4   -4   -4   -4   -1    6   -4   -3    1 
W     -3   -2   -5   -5    4   -5   -3   -4   -5   -2   -1   -6   -9   -3   -4   -5   -7   -4   15    4   -7 
Y     -4   -9   -4   -5    6   -4    1   -2   -3   -2   -1   -3   -5   -4   -3   -4   -3   -3    4   11   -4 
J      2   -3   -3   -5   -3   -2    1   -1   -3   -3   -3   -4   -4   -1   -6    0   -1    1   -7   -4   16 
U      1   17   -5   -4   -5   -5   -2   -4   -6   -6   -6   -6   -6   -4   -8   -3   -3   -2   -4   -6   13 
>C 2
#      A    C    D    E    F    G    H    I    K    L    M    N    P    Q    R    S    T    V    W    Y    J 
A      6  -12   -4   -3   -4    2   -3   -2   -2   -2    0   -3  -25   -2   -3    0   -1    0   -6   -4    3 
C    -12   17  -13   -5   -4   -4   -5  -11   -8  -15   -2   -9  -19   -3   -6   -9   -9   -9   -7   -5   -5 
D     -4  -13   12    3   -5   -3   -1   -8   -1   -7   -6    4  -20   -2   -2    1   -1   -8   -5   -3  -10 
E     -3   -5    3    9   -6   -3   -1   -5    2   -5   -2    0  -22    4    1    0    0   -3   -5   -3   -6 
F     -4   -4   -5   -6    8   -6   -1    0   -5    0   -1   -4  -24   -4   -6   -5   -4   -2    2    3   -2 
G      2   -4   -3   -3   -6   10   -5   -7   -3   -5   -4   -2  -23   -4   -5   -1   -2   -4   -5   -6    0 
H     -3   -5   -1   -1   -1   -5   11   -5    1   -5   -4    0    7    2    1    0    0   -5   -4    0   -2 
I     -2  -11   -8   -5    0   -7   -5    5   -5    2    1   -5  -26   -5   -5   -6   -3    2   -3   -3   -1 
K     -2   -8   -1    2   -5   -3    1   -5    8   -5   -2    1    4    3    5    0    1   -3   -7   -3   -4 
L     -2  -15   -7   -5    0   -5   -5    2   -5    6    3   -5  -25   -4   -3   -6   -3    1   -3   -3    0 
M      0   -2   -6   -2   -1   -4   -4    1   -2    3    9   -1  -20    1   -4   -3   -2    0   -5   -2    1 
N     -3   -9    4    0   -4   -2    0   -5    1   -5   -1   10  -21    1    1    2    1   -5   -4   -3   -4 
P    -25  -19  -20  -22  -24  -23    7  -26    4  -25  -20  -21   11  -21    6    4    7  -28  -20  -24  -17 
Q     -2   -3   -2    4   -4   -4    2   -5    3   -4    1    1  -21    9    3    0    0   -4   -6   -3   -7 
R     -3   -6   -2    1   -6   -5    1   -5    5   -3   -4    1    6    3    9   -1    0   -4   -7   -2   -2 
S      0   -9    1    0   -5   -1    0   -6    0   -6   -3    2    4    0   -1    7    2   -5   -7   -3   -2 
T     -1   -9   -1    0   -4   -2    0   -3    1   -3   -2    1    7    0    0    2    6   -2   -7   -3   -1 
V      0   -9   -8   -3   -2   -4   -5    2   -3    1    0   -5  -28   -4   -4   -5   -2    4   -6   -3    0 
W     -6   -7   -5   -5    2   -5   -4   -3   -7   -3   -5   -4  -20   -6   -7   -7   -7   -6   14    1   -4 
Y     -4   -5   -3   -3    3   -6    0   -3   -3   -3   -2   -3  -24   -3   -2   -3   -3   -3    1    8   -3 
J      3   -5  -10   -6   -2    0   -2   -1   -4    0    1   -4  -17   -7   -2   -2   -1    0   -4   -3   13 
U     -1   14  -11   -5   -3   -2   -4   -5   -6   -3   -1   -6  -18   -5   -4   -4   -4   -3   -6   -4    9 
>D 3
#      A    C    D    E    F    G    H    I    K    L    M    N    P    Q    R    S    T    V    W    Y    J 
A      8   -3   -5   -2   -5    0   -4   -5   -4   -2    0   -2   -4   -6   -2    3    2    0   -7   -2    2 
C     -3   19  -43   -3   -3  -36   -8   -5   -3  -10  -34  -42  -35    0   -1   -1  -34  -11    1  -39   -1 
D     -5  -43    6    0  -12  -10   -4   -8   -5   -9   -4    0   -2   -7   -4   -3   -5  -10  -15   -5   -6 
E     -2   -3    0   10   -8   -7  -11   -8    1   -5    2   -1   -4    3   -4   -2   -3   -5   -8   -3    1 
F     -5   -3  -12   -8    9   -2   -3    1  -46    1    0   -7   -4   -2   -3   -6   -4   -2   -1    3   -3 
G      0  -36  -10   -7   -2   13   -8  -41   -9   -8   -9   -7    2    1   -8   -1    3  -43    0   -1  -37 
H     -4   -8   -4  -11   -3   -8    9   -9   -3   -7  -43    0   -6   -1    1   -2   -2  -11   -4    2  -40 
I     -5   -5   -8   -8    1  -41   -9   10   -6    5    3   -9   -6  -11   -6   -8   -3    7   -4  -10    1 
K     -4   -3   -5    1  -46   -9   -3   -6   10   -9   -7   -1    5    2    3    0    2   -5  -10   -1   -4 
L     -2  -10   -9   -5    1   -8   -7    5   -9    8    3   -5   -7   -4   -5   -4   -6    4   -7   -1    0 
M      0  -34   -4    2    0   -9  -43    3   -7    3   12  -10   -2    0   -7   -4   -4   -5    0   -8    6 
N     -2  -42    0   -1   -7   -7    0   -9   -1   -5  -10    6   -3   -3   -1    2   -2   -6  -14   -3    2 
P     -4  -35   -2   -4   -4    2   -6   -6    5   -7   -2   -3   13    0   -5   -6   -2   -8  -41   -6  -36 
Q     -6    0   -7    3   -2    1   -1  -11    2   -4    0   -3    0    8    4    2   -1   -2    5   -5   -4 
R     -2   -1   -4   -4   -3   -8    1   -6    3   -5   -7   -1   -5    4    9   -2   -1   -1    2   -5  -39 
S      3   -1   -3   -2   -6   -1   -2   -8    0   -4   -4    2   -6    2   -2    8    1  -10   -3   -6    2 
T      2  -34   -5   -3   -4    3   -2   -3    2   -6   -4   -2   -2   -1   -1    1   12    1   -4    1  -36 
V      0  -11  -10   -5   -2  -43  -11    7   -5    4   -5   -6   -8   -2   -1  -10    1    9   -3   -3    3 
W     -7    1  -15   -8   -1    0   -4   -4  -10   -7    0  -14  -41    5    2   -3   -4   -3   12   -8   -4 
Y     -2  -39   -5   -3    3   -1    2  -10   -1   -1   -8   -3   -6   -5   -5   -6    1   -3   -8    9  -40 
J      2   -1   -6    1   -3  -37  -40    1   -4    0    6    2  -36   -4  -39    2  -36    3   -4  -40   13 
U      1   16   -8    0   -3  -36  -12   -1   -4   -2    3    0  -36   -2   -5    1  -35    1   -2  -39   10 
>E 4
#      A    C    D    E    F    G    H    I    K    L    M    N    P    Q    R    S    T    V    W    Y    J 
A     11    5   -1   -3    1   -2   -3   -1   -1   -2   -8   -3  -18    1   -3    3    5   -2   -1   -3    6 
C      5   21   -5  -36  -33   -6  -37  -25  -39   -2  -30   -8  -11  -36  -38  -37  -28  -27  -28  -35   11 
D     -1   -5    8    2   -4   -3   -3  -36    0   -6   -1    2  -21   -1   -5    0    2  -37   -1   -1   -3 
E     -3  -36    2   11   -5   -2   -4  -31    0   -5  -36    0  -17    5    0   -2    6  -32   -9   -3   -1 
F      1  -33   -4   -5   15   -5    2  -28   -2    6    1    0  -14    0    1   -3    0  -30   11    8   -2 
G     -2   -6   -3   -2   -5    1   -3   -9   -3   -6   -5   -3  -32   -4   -3   -2   -3   -5   -4   -7   -5 
H     -3  -37   -3   -4    2   -3   10  -32    2    2    0    3  -17    3    3   -3    2  -33  -35    5   -2 
I     -1  -25  -36  -31  -28   -9  -32   18    4   13  -25    1   -6    3  -33    2    9   12   10    8  -25 
K     -1  -39    0    0   -2   -3    2    4    7    1    3    2  -19    4    4   -1  -36    5   -2   -3    1 
L     -2   -2   -6   -5    6   -6    2   13    1   14    9   -2  -16    0    1   -4    1   10  -34    6   -1 
M     -8  -30   -1  -36    1   -5    0  -25    3    9   17    0  -11    4    1    3    6  -27  -28    1    9 
N     -3   -8    2    0    0   -3    3    1    2   -2    0    5  -25   -1    0    1    2   -6   -8    1   -1 
P    -18  -11  -21  -17  -14  -32  -17   -6  -19  -16  -11  -25    8   17  -18  -18   -9   -7   -9  -15  -10 
Q      1  -36   -1    5    0   -4    3    3    4    0    4   -1   17   12    2    1  -34    5    0   -6    7 
R     -3  -38   -5    0    1   -3    3  -33    4    1    1    0  -18    2   11   -4  -35    5    0    1    2 
S      3  -37    0   -2   -3   -2   -3    2   -1   -4    3    1  -18    1   -4   10    5  -34    2  -10    2 
T      5  -28    2    6    0   -3    2    9  -36    1    6    2   -9  -34  -35    5   14  -25  -26  -32    7 
V     -2  -27  -37  -32  -30   -5  -33   12    5   10  -27   -6   -7    5    5  -34  -25   20   14    5  -26 
W     -1  -28   -1   -9   11   -4  -35   10   -2  -34  -28   -8   -9    0    0    2  -26   14   20    7  -28 
Y     -3  -35   -1   -3    8   -7    5    8   -3    6    1    1  -15   -6    1  -10  -32    5    7   14    2 
J      6   11   -3   -1   -2   -5   -2  -25    1   -1    9   -1  -10    7    2    2    7  -26  -28    2   16 
U      5   19   -4   -5   -5   -5   -5  -25   -2   -1    6   -4  -11    4   -2   -1    3  -26  -28   -2   14 
>F 5
#      A    C    D    E    F    G    H    I    K    L    M    N    P    Q    R    S    T    V    W    Y    J 
A     12   14    2  -29  -23   -2    1  -24   -6  -25   13  -11    7    6    8  -35   10    0  -19    4   14 
C     14  -13  -24  -19  -13   -8  -16  -15  -23  -16   19  -23   16  -19  -18  -25  -19  -13   -9  -17   21 
D      2  -24   13    3    6   -2  -27   -1  -34  -27  -26    8    5    3  -29    1   -5    3  -21  -28  -29 
E    -29  -19    3   17  -19   -4   12  -21   10  -22   16    4   10  -25  -24    6    8  -19  -16  -23  -24 
F    -23  -13    6  -19  -13   -2  -16   19  -23  -16  -15  -23   16  -19  -18    9  -20  -13  -10   17  -18 
G     -2   -8   -2   -4   -2    0  -10  -10   -5   -2  -43   -3  -13   -5   -3   -4   -5   -5   -4   -5  -47 
H      1  -16  -27   12  -16  -10   24  -17  -26  -19  -17  -26   13  -22  -21    9  -22   18  -12  -20  -21 
I    -24  -15   -1  -21   19  -10  -17   21  -24   19  -16   -8   15  -21  -20   12  -21   20  -11  -19  -20 
K     -6  -23  -34   10  -23   -5  -26  -24   16  -26   10  -33    6   13   11   -4    5  -22  -19   12  -28 
L    -25  -16  -27  -22  -16   -2  -19   19  -26   21  -17    8   13  -22  -21  -28  -22  -16  -12  -20  -21 
M     13   19  -26   16  -15  -43  -17  -16   10  -17  -16  -25   15  -21  -20  -27  -21   20  -11  -19   19 
N    -11  -23    8    4  -23   -3  -26   -8  -33    8  -25   15    6   -5  -28   -1    8    8  -19  -27  -28 
P      7   16    5   10   16  -13   13   15    6   13   15    6   45   10   11    4   10   16   20   12   11 
Q      6  -19    3  -25  -19   -5  -22  -21   13  -22  -21   -5   10   17   14   -2   -6  -19  -16   14  -24 
R      8  -18  -29  -24  -18   -3  -21  -20   11  -21  -20  -28   11   14   14  -13    9   11  -14   12  -23 
S    -35  -25    1    6    9   -4    9   12   -4  -28  -27   -1    4   -2  -13   14    4  -25  -21    5  -30 
T     10  -19   -5    8  -20   -5  -22  -21    5  -22  -21    8   10   -6    9    4   19   -2  -16  -23  -24 
V      0  -13    3  -19  -13   -5   18   20  -22  -16   20    8   16  -19   11  -25   -2   20   -9  -17  -18 
W    -19   -9  -21  -16  -10   -4  -12  -11  -19  -12  -11  -19   20  -16  -14  -21  -16   -9   31  -13  -14 
Y      4  -17  -28  -23   17   -5  -20  -19   12  -20  -19  -27   12   14   12    5  -23  -17  -13   19  -22 
J     14   21  -29  -24  -18  -47  -21  -20  -28  -21   19  -28   11  -24  -23  -30  -24  -18  -14  -22   21 
U     14   19  -27  -22  -16  -14  -19  -18  -26  -19   19  -26   13  -22  -21  -28  -22  -16  -12  -20   21 
>total 6
#      A    C    D    E    F    G    H    I    K    L    M    N    P    Q    R    S    T    V    W    Y    J 
A      5   -5   -2   -1   -3   -1   -3   -2   -1   -2   -1   -2   -1   -1   -2    1    0    0   -4   -3    2 
C     -5   20   -9   -6   -5   -7   -8   -9   -9   -8   -5   -7  -10   -6   -8   -6   -7   -9   -6   -5   -1 
D     -2   -9    8    3   -7   -3   -1   -8    0   -7   -6    2   -1    0   -2    0   -1   -6   -6   -4   -6 
E     -1   -6    3    7   -5   -4   -1   -5    2   -5   -4    0   -1    2    0   -1   -1   -4   -5   -3   -6 
F     -3   -5   -7   -5    9   -7   -1    0   -5    2    1   -5   -6   -4   -5   -4   -4   -1    3    4   -2 
G     -1   -7   -3   -4   -7    9   -4   -8   -4   -8   -6   -1   -6   -4   -4   -1   -4   -6   -6   -6   -3 
H     -3   -8   -1   -1   -1   -4   12   -5    0   -4   -3    1   -4    1    0   -1   -2   -4   -3    1   -3 
I     -2   -9   -8   -5    0   -8   -5    7   -4    3    2   -5   -4   -4   -5   -5   -2    4   -2   -2    0 
K     -1   -9    0    2   -5   -4    0   -4    6   -3   -2    0   -1    2    3    0   -1   -4   -6   -3   -5 
L     -2   -8   -7   -5    2   -8   -4    3   -3    6    3   -5   -5   -3   -3   -4   -3    1   -2   -1    0 
M     -1   -5   -6   -4    1   -6   -3    2   -2    3    9   -3   -5    0   -3   -3   -2    1   -2   -1    0 
N     -2   -7    2    0   -5   -1    1   -5    0   -5   -3    8   -3    0    0    1    0   -4   -5   -2   -3 
P     -1  -10   -1   -1   -6   -6   -4   -4   -1   -5   -5   -3   11   -2   -2   -1   -2   -4   -7   -5   -5 
Q     -1   -6    0    2   -4   -4    1   -4    2   -3    0    0   -2    7    2    0   -1   -3   -3   -3   -4 
R     -2   -8   -2    0   -5   -4    0   -5    3   -3   -3    0   -2    2    8   -1   -1   -4   -4   -2   -4 
S      1   -6    0   -1   -4   -1   -1   -5    0   -4   -3    1   -1    0   -1    6    2   -3   -5   -3   -1 
T      0   -7   -1   -1   -4   -4   -2   -2   -1   -3   -2    0   -2   -1   -1    2    7    0   -5   -3    0 
V      0   -9   -6   -4   -1   -6   -4    4   -4    1    1   -4   -4   -3   -4   -3    0    6   -4   -2    1 
W     -4   -6   -6   -5    3   -6   -3   -2   -6   -2   -2   -5   -7   -3   -4   -5   -5   -4   15    3   -5 
Y     -3   -5   -4   -3    4   -6    1   -2   -3   -1   -1   -2   -5   -3   -2   -3   -3   -2    3   10   -2 
J      2   -1   -6   -6   -2   -3   -3    0   -5    0    0   -3   -5   -4   -4   -1    0    1   -5   -2   15 
U      0   17   -7   -6   -3   -4   -5   -3   -7   -3   -2   -5   -6   -5   -5   -3   -3   -1   -6   -4   12 
